0,15,2,
5
PreSwap,Craig
17
00000000000000000101,293
00000000000000000010,764
00000000000000000111,4950
00000000000000000000,151
00000000000000000011,520
00000000000000000001,150
00000000000000000100,265
00000000000000000110,1099
PreSwap,Norm
24
00000000000000000101,479
00000000000000000010,529
00000000000000000111,4615
00000000000000000000,194
00000000000000000011,995
00000000000000000001,877
00000000000000000100,108
00000000000000000110,395
Qiskit,Craig
32
00000000000000000101,609
00000000000000000010,811
00000000000000000111,2981
00000000000000000000,473
00000000000000000011,1183
00000000000000000001,471
00000000000000000100,651
00000000000000000110,1013
Qiskit,Norm
21
00000000000000000101,385
00000000000000000010,528
00000000000000000111,4809
00000000000000000000,141
00000000000000000011,1028
00000000000000000001,737
00000000000000000100,84
00000000000000000110,480
10,14,2,
8
PreSwap,Craig
26
00000000000000000101,1003
00000000000000000010,1004
00000000000000000111,3376
00000000000000000000,514
00000000000000000011,524
00000000000000000001,333
00000000000000000100,501
00000000000000000110,937
PreSwap,Norm
30
00000000000000000101,1224
00000000000000000010,395
00000000000000000111,3232
00000000000000000000,286
00000000000000000011,1006
00000000000000000001,1403
00000000000000000100,245
00000000000000000110,401
Qiskit,Craig
38
00000000000000000101,581
00000000000000000010,745
00000000000000000111,2862
00000000000000000000,795
00000000000000000011,1054
00000000000000000001,1410
00000000000000000100,352
00000000000000000110,393
Qiskit,Norm
43
00000000000000000101,594
00000000000000000010,1037
00000000000000000111,2931
00000000000000000000,351
00000000000000000011,1284
00000000000000000001,838
00000000000000000100,292
00000000000000000110,865
1,2,18,
7
PreSwap,Craig
23
00000000000000000101,776
00000000000000000010,400
00000000000000000111,4214
00000000000000000000,378
00000000000000000011,962
00000000000000000001,557
00000000000000000100,342
00000000000000000110,563
PreSwap,Norm
33
00000000000000000101,774
00000000000000000010,792
00000000000000000111,2947
00000000000000000000,477
00000000000000000011,1012
00000000000000000001,919
00000000000000000100,389
00000000000000000110,882
Qiskit,Craig
47
00000000000000000101,1244
00000000000000000010,696
00000000000000000111,2273
00000000000000000000,730
00000000000000000011,599
00000000000000000001,617
00000000000000000100,946
00000000000000000110,1087
Qiskit,Norm
43
00000000000000000101,751
00000000000000000010,1093
00000000000000000111,2795
00000000000000000000,395
00000000000000000011,1355
00000000000000000001,793
00000000000000000100,263
00000000000000000110,747
17,4,11,
9
PreSwap,Craig
29
00000000000000000101,404
00000000000000000010,1250
00000000000000000111,2605
00000000000000000000,258
00000000000000000011,1404
00000000000000000001,345
00000000000000000100,357
00000000000000000110,1569
PreSwap,Norm
36
00000000000000000101,754
00000000000000000010,1167
00000000000000000111,2582
00000000000000000000,585
00000000000000000011,1102
00000000000000000001,989
00000000000000000100,305
00000000000000000110,708
Qiskit,Craig
32
00000000000000000101,1007
00000000000000000010,811
00000000000000000111,2156
00000000000000000000,787
00000000000000000011,1210
00000000000000000001,909
00000000000000000100,665
00000000000000000110,647
Qiskit,Norm
45
00000000000000000101,819
00000000000000000010,809
00000000000000000111,2404
00000000000000000000,398
00000000000000000011,1554
00000000000000000001,1040
00000000000000000100,389
00000000000000000110,779
10,8,3,
7
PreSwap,Craig
23
00000000000000000101,372
00000000000000000010,884
00000000000000000111,4774
00000000000000000000,186
00000000000000000011,1013
00000000000000000001,345
00000000000000000100,161
00000000000000000110,457
PreSwap,Norm
30
00000000000000000101,432
00000000000000000010,917
00000000000000000111,4467
00000000000000000000,192
00000000000000000011,1115
00000000000000000001,500
00000000000000000100,177
00000000000000000110,392
Qiskit,Craig
41
00000000000000000101,1737
00000000000000000010,431
00000000000000000111,2388
00000000000000000000,444
00000000000000000011,738
00000000000000000001,960
00000000000000000100,682
00000000000000000110,812
Qiskit,Norm
37
00000000000000000101,860
00000000000000000010,852
00000000000000000111,3560
00000000000000000000,274
00000000000000000011,1180
00000000000000000001,856
00000000000000000100,185
00000000000000000110,425
17,10,5,
4
PreSwap,Craig
14
00000000000000000101,1360
00000000000000000010,436
00000000000000000111,4389
00000000000000000000,305
00000000000000000011,620
00000000000000000001,555
00000000000000000100,219
00000000000000000110,308
PreSwap,Norm
21
00000000000000000101,361
00000000000000000010,819
00000000000000000111,3653
00000000000000000000,548
00000000000000000011,724
00000000000000000001,450
00000000000000000100,414
00000000000000000110,1223
Qiskit,Craig
32
00000000000000000101,1152
00000000000000000010,582
00000000000000000111,2436
00000000000000000000,481
00000000000000000011,1338
00000000000000000001,1321
00000000000000000100,433
00000000000000000110,449
Qiskit,Norm
21
00000000000000000101,630
00000000000000000010,376
00000000000000000111,3715
00000000000000000000,163
00000000000000000011,1698
00000000000000000001,1103
00000000000000000100,99
00000000000000000110,408
10,11,0,
3
PreSwap,Craig
11
00000000000000000101,1301
00000000000000000010,252
00000000000000000111,4417
00000000000000000000,285
00000000000000000011,379
00000000000000000001,293
00000000000000000100,488
00000000000000000110,777
PreSwap,Norm
19
00000000000000000101,398
00000000000000000010,736
00000000000000000111,3355
00000000000000000000,850
00000000000000000011,862
00000000000000000001,477
00000000000000000100,431
00000000000000000110,1083
Qiskit,Craig
11
00000000000000000101,1271
00000000000000000010,243
00000000000000000111,4486
00000000000000000000,272
00000000000000000011,418
00000000000000000001,319
00000000000000000100,457
00000000000000000110,726
Qiskit,Norm
18
00000000000000000101,1180
00000000000000000010,443
00000000000000000111,3317
00000000000000000000,650
00000000000000000011,1017
00000000000000000001,775
00000000000000000100,376
00000000000000000110,434
11,13,16,
5
PreSwap,Craig
17
00000000000000000101,320
00000000000000000010,682
00000000000000000111,4518
00000000000000000000,249
00000000000000000011,368
00000000000000000001,160
00000000000000000100,298
00000000000000000110,1597
PreSwap,Norm
21
00000000000000000101,333
00000000000000000010,654
00000000000000000111,4224
00000000000000000000,217
00000000000000000011,708
00000000000000000001,487
00000000000000000100,177
00000000000000000110,1392
Qiskit,Craig
23
00000000000000000101,586
00000000000000000010,591
00000000000000000111,3659
00000000000000000000,260
00000000000000000011,634
00000000000000000001,360
00000000000000000100,693
00000000000000000110,1409
Qiskit,Norm
43
00000000000000000101,1161
00000000000000000010,485
00000000000000000111,2589
00000000000000000000,399
00000000000000000011,1164
00000000000000000001,1667
00000000000000000100,276
00000000000000000110,451
8,11,1,
7
PreSwap,Craig
23
00000000000000000101,266
00000000000000000010,794
00000000000000000111,4338
00000000000000000000,204
00000000000000000011,1914
00000000000000000001,298
00000000000000000100,97
00000000000000000110,281
PreSwap,Norm
28
00000000000000000101,271
00000000000000000010,972
00000000000000000111,4079
00000000000000000000,179
00000000000000000011,1757
00000000000000000001,442
00000000000000000100,87
00000000000000000110,405
Qiskit,Craig
26
00000000000000000101,512
00000000000000000010,580
00000000000000000111,3037
00000000000000000000,581
00000000000000000011,1203
00000000000000000001,515
00000000000000000100,716
00000000000000000110,1048
Qiskit,Norm
30
00000000000000000101,660
00000000000000000010,589
00000000000000000111,4584
00000000000000000000,205
00000000000000000011,872
00000000000000000001,770
00000000000000000100,111
00000000000000000110,401
3,13,8,
6
PreSwap,Craig
20
00000000000000000101,614
00000000000000000010,199
00000000000000000111,4824
00000000000000000000,215
00000000000000000011,583
00000000000000000001,774
00000000000000000100,594
00000000000000000110,389
PreSwap,Norm
19
00000000000000000101,563
00000000000000000010,638
00000000000000000111,4742
00000000000000000000,184
00000000000000000011,751
00000000000000000001,846
00000000000000000100,79
00000000000000000110,389
Qiskit,Craig
23
00000000000000000101,1055
00000000000000000010,724
00000000000000000111,2054
00000000000000000000,750
00000000000000000011,1047
00000000000000000001,880
00000000000000000100,810
00000000000000000110,872
Qiskit,Norm
25
00000000000000000101,851
00000000000000000010,544
00000000000000000111,3191
00000000000000000000,254
00000000000000000011,1439
00000000000000000001,1017
00000000000000000100,224
00000000000000000110,672
5,18,19,
6
PreSwap,Craig
20
00000000000000000101,977
00000000000000000010,942
00000000000000000111,3679
00000000000000000000,446
00000000000000000011,693
00000000000000000001,495
00000000000000000100,417
00000000000000000110,543
PreSwap,Norm
22
00000000000000000101,492
00000000000000000010,957
00000000000000000111,3770
00000000000000000000,254
00000000000000000011,1149
00000000000000000001,491
00000000000000000100,172
00000000000000000110,907
Qiskit,Craig
44
00000000000000000101,1760
00000000000000000010,592
00000000000000000111,2058
00000000000000000000,583
00000000000000000011,933
00000000000000000001,953
00000000000000000100,662
00000000000000000110,651
Qiskit,Norm
40
00000000000000000101,1183
00000000000000000010,722
00000000000000000111,1667
00000000000000000000,684
00000000000000000011,1231
00000000000000000001,1285
00000000000000000100,669
00000000000000000110,751
10,3,9,
7
PreSwap,Craig
23
00000000000000000101,404
00000000000000000010,1135
00000000000000000111,4208
00000000000000000000,299
00000000000000000011,995
00000000000000000001,354
00000000000000000100,213
00000000000000000110,584
PreSwap,Norm
30
00000000000000000101,501
00000000000000000010,1176
00000000000000000111,3320
00000000000000000000,366
00000000000000000011,1045
00000000000000000001,585
00000000000000000100,228
00000000000000000110,971
Qiskit,Craig
32
00000000000000000101,1433
00000000000000000010,624
00000000000000000111,2443
00000000000000000000,516
00000000000000000011,761
00000000000000000001,756
00000000000000000100,742
00000000000000000110,917
Qiskit,Norm
36
00000000000000000101,739
00000000000000000010,1158
00000000000000000111,2174
00000000000000000000,649
00000000000000000011,1301
00000000000000000001,1073
00000000000000000100,317
00000000000000000110,781
19,1,0,
7
PreSwap,Craig
23
00000000000000000101,430
00000000000000000010,1159
00000000000000000111,4368
00000000000000000000,392
00000000000000000011,401
00000000000000000001,420
00000000000000000100,400
00000000000000000110,622
PreSwap,Norm
27
00000000000000000101,324
00000000000000000010,1266
00000000000000000111,4344
00000000000000000000,185
00000000000000000011,897
00000000000000000001,340
00000000000000000100,108
00000000000000000110,728
Qiskit,Craig
35
00000000000000000101,1128
00000000000000000010,398
00000000000000000111,2419
00000000000000000000,497
00000000000000000011,974
00000000000000000001,1668
00000000000000000100,649
00000000000000000110,459
Qiskit,Norm
45
00000000000000000101,535
00000000000000000010,1224
00000000000000000111,2597
00000000000000000000,561
00000000000000000011,963
00000000000000000001,750
00000000000000000100,373
00000000000000000110,1189
15,9,2,
8
PreSwap,Craig
26
00000000000000000101,945
00000000000000000010,406
00000000000000000111,3694
00000000000000000000,367
00000000000000000011,474
00000000000000000001,803
00000000000000000100,849
00000000000000000110,654
PreSwap,Norm
25
00000000000000000101,465
00000000000000000010,979
00000000000000000111,4300
00000000000000000000,229
00000000000000000011,799
00000000000000000001,674
00000000000000000100,129
00000000000000000110,617
Qiskit,Craig
44
00000000000000000101,1239
00000000000000000010,302
00000000000000000111,3468
00000000000000000000,344
00000000000000000011,718
00000000000000000001,1034
00000000000000000100,655
00000000000000000110,432
Qiskit,Norm
40
00000000000000000101,840
00000000000000000010,764
00000000000000000111,2878
00000000000000000000,335
00000000000000000011,1638
00000000000000000001,991
00000000000000000100,250
00000000000000000110,496
17,16,18,
2
PreSwap,Craig
8
00000000000000000101,451
00000000000000000010,504
00000000000000000111,3831
00000000000000000000,219
00000000000000000011,569
00000000000000000001,226
00000000000000000100,322
00000000000000000110,2070
PreSwap,Norm
18
00000000000000000101,575
00000000000000000010,613
00000000000000000111,3585
00000000000000000000,251
00000000000000000011,1782
00000000000000000001,605
00000000000000000100,227
00000000000000000110,554
Qiskit,Craig
8
00000000000000000101,400
00000000000000000010,455
00000000000000000111,3876
00000000000000000000,189
00000000000000000011,529
00000000000000000001,238
00000000000000000100,318
00000000000000000110,2187
Qiskit,Norm
18
00000000000000000101,571
00000000000000000010,812
00000000000000000111,3078
00000000000000000000,385
00000000000000000011,1288
00000000000000000001,606
00000000000000000100,298
00000000000000000110,1154
11,2,5,
5
PreSwap,Craig
17
00000000000000000101,396
00000000000000000010,371
00000000000000000111,4190
00000000000000000000,395
00000000000000000011,322
00000000000000000001,790
00000000000000000100,462
00000000000000000110,1266
PreSwap,Norm
18
00000000000000000101,368
00000000000000000010,585
00000000000000000111,3513
00000000000000000000,287
00000000000000000011,730
00000000000000000001,568
00000000000000000100,490
00000000000000000110,1651
Qiskit,Craig
26
00000000000000000101,674
00000000000000000010,401
00000000000000000111,3987
00000000000000000000,482
00000000000000000011,667
00000000000000000001,855
00000000000000000100,683
00000000000000000110,443
Qiskit,Norm
27
00000000000000000101,587
00000000000000000010,1031
00000000000000000111,3960
00000000000000000000,309
00000000000000000011,862
00000000000000000001,819
00000000000000000100,132
00000000000000000110,492
19,15,13,
6
PreSwap,Craig
20
00000000000000000101,336
00000000000000000010,1203
00000000000000000111,2757
00000000000000000000,192
00000000000000000011,1346
00000000000000000001,229
00000000000000000100,293
00000000000000000110,1836
PreSwap,Norm
24
00000000000000000101,782
00000000000000000010,399
00000000000000000111,3560
00000000000000000000,168
00000000000000000011,1641
00000000000000000001,956
00000000000000000100,149
00000000000000000110,537
Qiskit,Craig
44
00000000000000000101,752
00000000000000000010,901
00000000000000000111,2642
00000000000000000000,856
00000000000000000011,1373
00000000000000000001,645
00000000000000000100,469
00000000000000000110,554
Qiskit,Norm
37
00000000000000000101,699
00000000000000000010,663
00000000000000000111,3067
00000000000000000000,299
00000000000000000011,1415
00000000000000000001,1083
00000000000000000100,285
00000000000000000110,681
2,5,13,
7
PreSwap,Craig
23
00000000000000000101,338
00000000000000000010,887
00000000000000000111,5251
00000000000000000000,138
00000000000000000011,906
00000000000000000001,226
00000000000000000100,111
00000000000000000110,335
PreSwap,Norm
30
00000000000000000101,364
00000000000000000010,954
00000000000000000111,4629
00000000000000000000,156
00000000000000000011,951
00000000000000000001,396
00000000000000000100,112
00000000000000000110,630
Qiskit,Craig
35
00000000000000000101,845
00000000000000000010,530
00000000000000000111,3320
00000000000000000000,225
00000000000000000011,560
00000000000000000001,238
00000000000000000100,793
00000000000000000110,1681
Qiskit,Norm
34
00000000000000000101,581
00000000000000000010,722
00000000000000000111,3100
00000000000000000000,290
00000000000000000011,1774
00000000000000000001,1112
00000000000000000100,138
00000000000000000110,475
18,0,1,
7
PreSwap,Craig
23
00000000000000000101,271
00000000000000000010,1391
00000000000000000111,4905
00000000000000000000,216
00000000000000000011,586
00000000000000000001,240
00000000000000000100,182
00000000000000000110,401
PreSwap,Norm
27
00000000000000000101,388
00000000000000000010,1233
00000000000000000111,4808
00000000000000000000,201
00000000000000000011,618
00000000000000000001,373
00000000000000000100,99
00000000000000000110,472
Qiskit,Craig
44
00000000000000000101,1852
00000000000000000010,288
00000000000000000111,2447
00000000000000000000,501
00000000000000000011,694
00000000000000000001,1081
00000000000000000100,862
00000000000000000110,467
Qiskit,Norm
39
00000000000000000101,541
00000000000000000010,1015
00000000000000000111,3061
00000000000000000000,392
00000000000000000011,1022
00000000000000000001,594
00000000000000000100,352
00000000000000000110,1215
6,13,2,
7
PreSwap,Craig
23
00000000000000000101,311
00000000000000000010,699
00000000000000000111,4549
00000000000000000000,214
00000000000000000011,568
00000000000000000001,198
00000000000000000100,251
00000000000000000110,1402
PreSwap,Norm
33
00000000000000000101,545
00000000000000000010,395
00000000000000000111,4383
00000000000000000000,269
00000000000000000011,1201
00000000000000000001,858
00000000000000000100,170
00000000000000000110,371
Qiskit,Craig
41
00000000000000000101,853
00000000000000000010,1197
00000000000000000111,1540
00000000000000000000,820
00000000000000000011,634
00000000000000000001,720
00000000000000000100,975
00000000000000000110,1453
Qiskit,Norm
30
00000000000000000101,681
00000000000000000010,460
00000000000000000111,3665
00000000000000000000,296
00000000000000000011,1060
00000000000000000001,1547
00000000000000000100,102
00000000000000000110,381
12,14,2,
6
PreSwap,Craig
20
00000000000000000101,644
00000000000000000010,772
00000000000000000111,3094
00000000000000000000,516
00000000000000000011,1242
00000000000000000001,525
00000000000000000100,705
00000000000000000110,694
PreSwap,Norm
24
00000000000000000101,637
00000000000000000010,1045
00000000000000000111,2911
00000000000000000000,301
00000000000000000011,1486
00000000000000000001,521
00000000000000000100,291
00000000000000000110,1000
Qiskit,Craig
38
00000000000000000101,532
00000000000000000010,1237
00000000000000000111,2425
00000000000000000000,461
00000000000000000011,952
00000000000000000001,479
00000000000000000100,598
00000000000000000110,1508
Qiskit,Norm
33
00000000000000000101,652
00000000000000000010,1078
00000000000000000111,3194
00000000000000000000,461
00000000000000000011,1150
00000000000000000001,872
00000000000000000100,176
00000000000000000110,609
5,12,9,
6
PreSwap,Craig
17
00000000000000000101,424
00000000000000000010,275
00000000000000000111,4940
00000000000000000000,154
00000000000000000011,478
00000000000000000001,363
00000000000000000100,530
00000000000000000110,1028
PreSwap,Norm
29
00000000000000000101,511
00000000000000000010,669
00000000000000000111,4571
00000000000000000000,205
00000000000000000011,898
00000000000000000001,605
00000000000000000100,186
00000000000000000110,547
Qiskit,Craig
26
00000000000000000101,358
00000000000000000010,453
00000000000000000111,4285
00000000000000000000,519
00000000000000000011,1516
00000000000000000001,399
00000000000000000100,265
00000000000000000110,397
Qiskit,Norm
30
00000000000000000101,1002
00000000000000000010,437
00000000000000000111,2955
00000000000000000000,248
00000000000000000011,1620
00000000000000000001,1385
00000000000000000100,188
00000000000000000110,357
15,19,6,
7
PreSwap,Craig
23
00000000000000000101,322
00000000000000000010,1097
00000000000000000111,3888
00000000000000000000,218
00000000000000000011,514
00000000000000000001,171
00000000000000000100,289
00000000000000000110,1693
PreSwap,Norm
30
00000000000000000101,1509
00000000000000000010,364
00000000000000000111,3380
00000000000000000000,270
00000000000000000011,821
00000000000000000001,1365
00000000000000000100,173
00000000000000000110,310
Qiskit,Craig
35
00000000000000000101,566
00000000000000000010,840
00000000000000000111,2970
00000000000000000000,409
00000000000000000011,506
00000000000000000001,249
00000000000000000100,928
00000000000000000110,1724
Qiskit,Norm
43
00000000000000000101,705
00000000000000000010,809
00000000000000000111,3516
00000000000000000000,368
00000000000000000011,1088
00000000000000000001,956
00000000000000000100,181
00000000000000000110,569
5,3,11,
6
PreSwap,Craig
20
00000000000000000101,360
00000000000000000010,1162
00000000000000000111,4045
00000000000000000000,296
00000000000000000011,372
00000000000000000001,162
00000000000000000100,376
00000000000000000110,1419
PreSwap,Norm
24
00000000000000000101,354
00000000000000000010,680
00000000000000000111,3636
00000000000000000000,251
00000000000000000011,1533
00000000000000000001,1181
00000000000000000100,109
00000000000000000110,448
Qiskit,Craig
35
00000000000000000101,686
00000000000000000010,974
00000000000000000111,2983
00000000000000000000,356
00000000000000000011,869
00000000000000000001,355
00000000000000000100,613
00000000000000000110,1356
Qiskit,Norm
37
00000000000000000101,617
00000000000000000010,468
00000000000000000111,4223
00000000000000000000,167
00000000000000000011,1223
00000000000000000001,898
00000000000000000100,135
00000000000000000110,461
14,5,15,
7
PreSwap,Craig
23
00000000000000000101,333
00000000000000000010,1253
00000000000000000111,3705
00000000000000000000,438
00000000000000000011,1401
00000000000000000001,364
00000000000000000100,301
00000000000000000110,397
PreSwap,Norm
27
00000000000000000101,1301
00000000000000000010,914
00000000000000000111,3610
00000000000000000000,438
00000000000000000011,643
00000000000000000001,541
00000000000000000100,301
00000000000000000110,444
Qiskit,Craig
38
00000000000000000101,774
00000000000000000010,456
00000000000000000111,2869
00000000000000000000,404
00000000000000000011,489
00000000000000000001,588
00000000000000000100,1265
00000000000000000110,1347
Qiskit,Norm
27
00000000000000000101,509
00000000000000000010,939
00000000000000000111,3558
00000000000000000000,306
00000000000000000011,1406
00000000000000000001,1028
00000000000000000100,126
00000000000000000110,320
12,10,9,
5
PreSwap,Craig
17
00000000000000000101,241
00000000000000000010,531
00000000000000000111,5429
00000000000000000000,135
00000000000000000011,544
00000000000000000001,153
00000000000000000100,184
00000000000000000110,975
PreSwap,Norm
24
00000000000000000101,572
00000000000000000010,490
00000000000000000111,4810
00000000000000000000,184
00000000000000000011,1000
00000000000000000001,661
00000000000000000100,106
00000000000000000110,369
Qiskit,Craig
26
00000000000000000101,740
00000000000000000010,611
00000000000000000111,2382
00000000000000000000,583
00000000000000000011,606
00000000000000000001,589
00000000000000000100,790
00000000000000000110,1891
Qiskit,Norm
24
00000000000000000101,606
00000000000000000010,388
00000000000000000111,4108
00000000000000000000,144
00000000000000000011,1788
00000000000000000001,595
00000000000000000100,131
00000000000000000110,432
7,15,5,
4
PreSwap,Craig
14
00000000000000000101,448
00000000000000000010,368
00000000000000000111,4311
00000000000000000000,357
00000000000000000011,1260
00000000000000000001,714
00000000000000000100,334
00000000000000000110,400
PreSwap,Norm
15
00000000000000000101,475
00000000000000000010,605
00000000000000000111,3948
00000000000000000000,184
00000000000000000011,1298
00000000000000000001,734
00000000000000000100,134
00000000000000000110,814
Qiskit,Craig
20
00000000000000000101,776
00000000000000000010,367
00000000000000000111,3852
00000000000000000000,367
00000000000000000011,1218
00000000000000000001,838
00000000000000000100,342
00000000000000000110,432
Qiskit,Norm
18
00000000000000000101,543
00000000000000000010,230
00000000000000000111,4762
00000000000000000000,116
00000000000000000011,1068
00000000000000000001,942
00000000000000000100,103
00000000000000000110,428
12,16,11,
4
PreSwap,Craig
14
00000000000000000101,472
00000000000000000010,193
00000000000000000111,4607
00000000000000000000,159
00000000000000000011,1411
00000000000000000001,921
00000000000000000100,169
00000000000000000110,260
PreSwap,Norm
15
00000000000000000101,481
00000000000000000010,223
00000000000000000111,4762
00000000000000000000,88
00000000000000000011,1416
00000000000000000001,900
00000000000000000100,55
00000000000000000110,267
Qiskit,Craig
17
00000000000000000101,1518
00000000000000000010,189
00000000000000000111,4221
00000000000000000000,181
00000000000000000011,596
00000000000000000001,663
00000000000000000100,404
00000000000000000110,420
Qiskit,Norm
21
00000000000000000101,839
00000000000000000010,233
00000000000000000111,4197
00000000000000000000,88
00000000000000000011,1562
00000000000000000001,910
00000000000000000100,83
00000000000000000110,280
7,5,6,
2
PreSwap,Craig
8
00000000000000000101,485
00000000000000000010,209
00000000000000000111,5835
00000000000000000000,110
00000000000000000011,439
00000000000000000001,417
00000000000000000100,230
00000000000000000110,467
PreSwap,Norm
9
00000000000000000101,676
00000000000000000010,288
00000000000000000111,5562
00000000000000000000,54
00000000000000000011,671
00000000000000000001,390
00000000000000000100,102
00000000000000000110,449
Qiskit,Craig
8
00000000000000000101,456
00000000000000000010,244
00000000000000000111,5776
00000000000000000000,139
00000000000000000011,473
00000000000000000001,458
00000000000000000100,236
00000000000000000110,410
Qiskit,Norm
9
00000000000000000101,482
00000000000000000010,246
00000000000000000111,5705
00000000000000000000,60
00000000000000000011,646
00000000000000000001,469
00000000000000000100,71
00000000000000000110,513
16,10,1,
5
PreSwap,Craig
17
00000000000000000101,1317
00000000000000000010,321
00000000000000000111,4414
00000000000000000000,245
00000000000000000011,786
00000000000000000001,622
00000000000000000100,214
00000000000000000110,273
PreSwap,Norm
27
00000000000000000101,1302
00000000000000000010,509
00000000000000000111,3270
00000000000000000000,464
00000000000000000011,969
00000000000000000001,898
00000000000000000100,334
00000000000000000110,446
Qiskit,Craig
20
00000000000000000101,1260
00000000000000000010,388
00000000000000000111,3437
00000000000000000000,426
00000000000000000011,344
00000000000000000001,388
00000000000000000100,788
00000000000000000110,1161
Qiskit,Norm
33
00000000000000000101,595
00000000000000000010,749
00000000000000000111,3339
00000000000000000000,310
00000000000000000011,1111
00000000000000000001,608
00000000000000000100,299
00000000000000000110,1181
3,13,11,
6
PreSwap,Craig
20
00000000000000000101,840
00000000000000000010,759
00000000000000000111,3947
00000000000000000000,349
00000000000000000011,760
00000000000000000001,711
00000000000000000100,291
00000000000000000110,535
PreSwap,Norm
27
00000000000000000101,769
00000000000000000010,993
00000000000000000111,2615
00000000000000000000,719
00000000000000000011,819
00000000000000000001,838
00000000000000000100,615
00000000000000000110,824
Qiskit,Craig
29
00000000000000000101,824
00000000000000000010,373
00000000000000000111,3315
00000000000000000000,383
00000000000000000011,781
00000000000000000001,1370
00000000000000000100,603
00000000000000000110,543
Qiskit,Norm
39
00000000000000000101,1088
00000000000000000010,658
00000000000000000111,2248
00000000000000000000,418
00000000000000000011,1534
00000000000000000001,1113
00000000000000000100,374
00000000000000000110,759
4,2,17,
7
PreSwap,Craig
23
00000000000000000101,377
00000000000000000010,550
00000000000000000111,4420
00000000000000000000,146
00000000000000000011,522
00000000000000000001,268
00000000000000000100,253
00000000000000000110,1656
PreSwap,Norm
28
00000000000000000101,615
00000000000000000010,542
00000000000000000111,4330
00000000000000000000,249
00000000000000000011,1145
00000000000000000001,648
00000000000000000100,132
00000000000000000110,531
Qiskit,Craig
38
00000000000000000101,709
00000000000000000010,812
00000000000000000111,2416
00000000000000000000,398
00000000000000000011,799
00000000000000000001,375
00000000000000000100,706
00000000000000000110,1977
Qiskit,Norm
51
00000000000000000101,853
00000000000000000010,571
00000000000000000111,3226
00000000000000000000,270
00000000000000000011,1211
00000000000000000001,1213
00000000000000000100,248
00000000000000000110,600
15,0,9,
8
PreSwap,Craig
26
00000000000000000101,241
00000000000000000010,713
00000000000000000111,4662
00000000000000000000,188
00000000000000000011,1526
00000000000000000001,222
00000000000000000100,185
00000000000000000110,455
PreSwap,Norm
30
00000000000000000101,401
00000000000000000010,709
00000000000000000111,4455
00000000000000000000,94
00000000000000000011,1568
00000000000000000001,391
00000000000000000100,90
00000000000000000110,484
Qiskit,Craig
35
00000000000000000101,485
00000000000000000010,1472
00000000000000000111,1586
00000000000000000000,638
00000000000000000011,1476
00000000000000000001,566
00000000000000000100,509
00000000000000000110,1460
Qiskit,Norm
39
00000000000000000101,946
00000000000000000010,509
00000000000000000111,3291
00000000000000000000,251
00000000000000000011,1418
00000000000000000001,1297
00000000000000000100,142
00000000000000000110,338
16,6,1,
7
PreSwap,Craig
20
00000000000000000101,314
00000000000000000010,727
00000000000000000111,4760
00000000000000000000,281
00000000000000000011,401
00000000000000000001,169
00000000000000000100,814
00000000000000000110,726
PreSwap,Norm
28
00000000000000000101,453
00000000000000000010,761
00000000000000000111,4205
00000000000000000000,215
00000000000000000011,928
00000000000000000001,1045
00000000000000000100,142
00000000000000000110,443
Qiskit,Craig
20
00000000000000000101,547
00000000000000000010,493
00000000000000000111,3479
00000000000000000000,375
00000000000000000011,774
00000000000000000001,644
00000000000000000100,731
00000000000000000110,1149
Qiskit,Norm
24
00000000000000000101,369
00000000000000000010,786
00000000000000000111,4109
00000000000000000000,245
00000000000000000011,610
00000000000000000001,384
00000000000000000100,247
00000000000000000110,1442
1,3,4,
3
PreSwap,Craig
11
00000000000000000101,416
00000000000000000010,802
00000000000000000111,4803
00000000000000000000,273
00000000000000000011,771
00000000000000000001,339
00000000000000000100,240
00000000000000000110,548
PreSwap,Norm
18
00000000000000000101,662
00000000000000000010,725
00000000000000000111,4298
00000000000000000000,316
00000000000000000011,756
00000000000000000001,594
00000000000000000100,300
00000000000000000110,541
Qiskit,Craig
14
00000000000000000101,562
00000000000000000010,314
00000000000000000111,4427
00000000000000000000,230
00000000000000000011,650
00000000000000000001,713
00000000000000000100,654
00000000000000000110,642
Qiskit,Norm
13
00000000000000000101,676
00000000000000000010,777
00000000000000000111,4386
00000000000000000000,172
00000000000000000011,924
00000000000000000001,767
00000000000000000100,120
00000000000000000110,370
7,18,3,
9
PreSwap,Craig
26
00000000000000000101,500
00000000000000000010,258
00000000000000000111,4661
00000000000000000000,184
00000000000000000011,1112
00000000000000000001,949
00000000000000000100,165
00000000000000000110,363
PreSwap,Norm
30
00000000000000000101,735
00000000000000000010,222
00000000000000000111,4494
00000000000000000000,134
00000000000000000011,1067
00000000000000000001,1026
00000000000000000100,77
00000000000000000110,437
Qiskit,Craig
32
00000000000000000101,582
00000000000000000010,994
00000000000000000111,2144
00000000000000000000,891
00000000000000000011,1558
00000000000000000001,873
00000000000000000100,586
00000000000000000110,564
Qiskit,Norm
24
00000000000000000101,680
00000000000000000010,419
00000000000000000111,4049
00000000000000000000,151
00000000000000000011,1410
00000000000000000001,759
00000000000000000100,128
00000000000000000110,596
9,12,14,
3
PreSwap,Craig
11
00000000000000000101,1098
00000000000000000010,358
00000000000000000111,3655
00000000000000000000,263
00000000000000000011,898
00000000000000000001,1034
00000000000000000100,412
00000000000000000110,474
PreSwap,Norm
12
00000000000000000101,1014
00000000000000000010,375
00000000000000000111,3214
00000000000000000000,254
00000000000000000011,1250
00000000000000000001,1325
00000000000000000100,221
00000000000000000110,539
Qiskit,Craig
20
00000000000000000101,1664
00000000000000000010,618
00000000000000000111,1665
00000000000000000000,557
00000000000000000011,1072
00000000000000000001,1167
00000000000000000100,770
00000000000000000110,679
Qiskit,Norm
10
00000000000000000101,797
00000000000000000010,356
00000000000000000111,3192
00000000000000000000,197
00000000000000000011,1606
00000000000000000001,1256
00000000000000000100,218
00000000000000000110,570
19,2,6,
9
PreSwap,Craig
29
00000000000000000101,869
00000000000000000010,832
00000000000000000111,3584
00000000000000000000,432
00000000000000000011,892
00000000000000000001,894
00000000000000000100,292
00000000000000000110,397
PreSwap,Norm
34
00000000000000000101,462
00000000000000000010,1224
00000000000000000111,3427
00000000000000000000,399
00000000000000000011,1068
00000000000000000001,620
00000000000000000100,229
00000000000000000110,763
Qiskit,Craig
38
00000000000000000101,1438
00000000000000000010,455
00000000000000000111,3159
00000000000000000000,312
00000000000000000011,761
00000000000000000001,644
00000000000000000100,513
00000000000000000110,910
Qiskit,Norm
54
00000000000000000101,561
00000000000000000010,1173
00000000000000000111,2397
00000000000000000000,577
00000000000000000011,1037
00000000000000000001,837
00000000000000000100,427
00000000000000000110,1183
5,7,3,
6
PreSwap,Craig
20
00000000000000000101,263
00000000000000000010,424
00000000000000000111,4927
00000000000000000000,126
00000000000000000011,426
00000000000000000001,143
00000000000000000100,283
00000000000000000110,1600
PreSwap,Norm
24
00000000000000000101,464
00000000000000000010,247
00000000000000000111,5067
00000000000000000000,60
00000000000000000011,1504
00000000000000000001,519
00000000000000000100,50
00000000000000000110,281
Qiskit,Craig
26
00000000000000000101,447
00000000000000000010,384
00000000000000000111,4743
00000000000000000000,140
00000000000000000011,456
00000000000000000001,146
00000000000000000100,402
00000000000000000110,1474
Qiskit,Norm
25
00000000000000000101,606
00000000000000000010,488
00000000000000000111,4571
00000000000000000000,144
00000000000000000011,1242
00000000000000000001,677
00000000000000000100,84
00000000000000000110,380
6,4,16,
8
PreSwap,Craig
26
00000000000000000101,349
00000000000000000010,735
00000000000000000111,4597
00000000000000000000,191
00000000000000000011,531
00000000000000000001,215
00000000000000000100,495
00000000000000000110,1079
PreSwap,Norm
36
00000000000000000101,486
00000000000000000010,555
00000000000000000111,3832
00000000000000000000,539
00000000000000000011,1063
00000000000000000001,899
00000000000000000100,245
00000000000000000110,573
Qiskit,Craig
50
00000000000000000101,822
00000000000000000010,961
00000000000000000111,2529
00000000000000000000,478
00000000000000000011,877
00000000000000000001,387
00000000000000000100,854
00000000000000000110,1284
Qiskit,Norm
42
00000000000000000101,1034
00000000000000000010,532
00000000000000000111,2716
00000000000000000000,308
00000000000000000011,1480
00000000000000000001,1431
00000000000000000100,231
00000000000000000110,460
13,7,15,
6
PreSwap,Craig
17
00000000000000000101,328
00000000000000000010,313
00000000000000000111,5425
00000000000000000000,247
00000000000000000011,925
00000000000000000001,378
00000000000000000100,228
00000000000000000110,348
PreSwap,Norm
21
00000000000000000101,520
00000000000000000010,288
00000000000000000111,5101
00000000000000000000,95
00000000000000000011,900
00000000000000000001,578
00000000000000000100,185
00000000000000000110,525
Qiskit,Craig
23
00000000000000000101,515
00000000000000000010,307
00000000000000000111,4870
00000000000000000000,197
00000000000000000011,463
00000000000000000001,179
00000000000000000100,830
00000000000000000110,831
Qiskit,Norm
22
00000000000000000101,1414
00000000000000000010,363
00000000000000000111,4329
00000000000000000000,194
00000000000000000011,678
00000000000000000001,825
00000000000000000100,129
00000000000000000110,260
7,3,19,
8
PreSwap,Craig
23
00000000000000000101,530
00000000000000000010,256
00000000000000000111,4713
00000000000000000000,199
00000000000000000011,1019
00000000000000000001,1001
00000000000000000100,151
00000000000000000110,323
PreSwap,Norm
30
00000000000000000101,627
00000000000000000010,416
00000000000000000111,3949
00000000000000000000,214
00000000000000000011,1196
00000000000000000001,1184
00000000000000000100,105
00000000000000000110,501
Qiskit,Craig
23
00000000000000000101,386
00000000000000000010,819
00000000000000000111,3394
00000000000000000000,540
00000000000000000011,862
00000000000000000001,541
00000000000000000100,622
00000000000000000110,1028
Qiskit,Norm
21
00000000000000000101,821
00000000000000000010,355
00000000000000000111,4465
00000000000000000000,136
00000000000000000011,874
00000000000000000001,876
00000000000000000100,124
00000000000000000110,541
13,11,16,
5
PreSwap,Craig
17
00000000000000000101,284
00000000000000000010,647
00000000000000000111,4653
00000000000000000000,185
00000000000000000011,1765
00000000000000000001,274
00000000000000000100,109
00000000000000000110,275
PreSwap,Norm
24
00000000000000000101,334
00000000000000000010,865
00000000000000000111,3997
00000000000000000000,278
00000000000000000011,713
00000000000000000001,358
00000000000000000100,168
00000000000000000110,1479
Qiskit,Craig
38
00000000000000000101,1080
00000000000000000010,800
00000000000000000111,1318
00000000000000000000,762
00000000000000000011,785
00000000000000000001,752
00000000000000000100,1152
00000000000000000110,1543
Qiskit,Norm
30
00000000000000000101,1247
00000000000000000010,435
00000000000000000111,3502
00000000000000000000,246
00000000000000000011,1113
00000000000000000001,992
00000000000000000100,232
00000000000000000110,425
9,15,2,
8
PreSwap,Craig
26
00000000000000000101,800
00000000000000000010,276
00000000000000000111,3756
00000000000000000000,380
00000000000000000011,741
00000000000000000001,1266
00000000000000000100,589
00000000000000000110,384
PreSwap,Norm
27
00000000000000000101,837
00000000000000000010,578
00000000000000000111,3638
00000000000000000000,291
00000000000000000011,971
00000000000000000001,1202
00000000000000000100,190
00000000000000000110,485
Qiskit,Craig
38
00000000000000000101,1147
00000000000000000010,388
00000000000000000111,2896
00000000000000000000,382
00000000000000000011,971
00000000000000000001,1184
00000000000000000100,706
00000000000000000110,518
Qiskit,Norm
39
00000000000000000101,398
00000000000000000010,731
00000000000000000111,3714
00000000000000000000,188
00000000000000000011,1665
00000000000000000001,875
00000000000000000100,140
00000000000000000110,481
12,10,2,
6
PreSwap,Craig
20
00000000000000000101,1661
00000000000000000010,277
00000000000000000111,3452
00000000000000000000,242
00000000000000000011,1039
00000000000000000001,905
00000000000000000100,301
00000000000000000110,315
PreSwap,Norm
24
00000000000000000101,1341
00000000000000000010,312
00000000000000000111,3951
00000000000000000000,156
00000000000000000011,1130
00000000000000000001,790
00000000000000000100,159
00000000000000000110,353
Qiskit,Craig
23
00000000000000000101,363
00000000000000000010,688
00000000000000000111,3692
00000000000000000000,266
00000000000000000011,1243
00000000000000000001,230
00000000000000000100,482
00000000000000000110,1228
Qiskit,Norm
33
00000000000000000101,425
00000000000000000010,611
00000000000000000111,4679
00000000000000000000,142
00000000000000000011,1142
00000000000000000001,726
00000000000000000100,84
00000000000000000110,383
12,3,14,
5
PreSwap,Craig
17
00000000000000000101,740
00000000000000000010,829
00000000000000000111,3312
00000000000000000000,362
00000000000000000011,750
00000000000000000001,721
00000000000000000100,702
00000000000000000110,776
PreSwap,Norm
18
00000000000000000101,668
00000000000000000010,989
00000000000000000111,3048
00000000000000000000,347
00000000000000000011,1132
00000000000000000001,747
00000000000000000100,292
00000000000000000110,969
Qiskit,Craig
20
00000000000000000101,1302
00000000000000000010,460
00000000000000000111,2951
00000000000000000000,293
00000000000000000011,508
00000000000000000001,543
00000000000000000100,750
00000000000000000110,1385
Qiskit,Norm
27
00000000000000000101,542
00000000000000000010,406
00000000000000000111,4079
00000000000000000000,191
00000000000000000011,1238
00000000000000000001,1068
00000000000000000100,112
00000000000000000110,556
13,10,7,
5
PreSwap,Craig
14
00000000000000000101,320
00000000000000000010,301
00000000000000000111,5579
00000000000000000000,261
00000000000000000011,581
00000000000000000001,572
00000000000000000100,213
00000000000000000110,365
PreSwap,Norm
21
00000000000000000101,395
00000000000000000010,515
00000000000000000111,5206
00000000000000000000,227
00000000000000000011,562
00000000000000000001,808
00000000000000000100,106
00000000000000000110,373
Qiskit,Craig
20
00000000000000000101,370
00000000000000000010,508
00000000000000000111,4982
00000000000000000000,434
00000000000000000011,737
00000000000000000001,574
00000000000000000100,190
00000000000000000110,397
Qiskit,Norm
30
00000000000000000101,759
00000000000000000010,601
00000000000000000111,3778
00000000000000000000,228
00000000000000000011,1111
00000000000000000001,944
00000000000000000100,153
00000000000000000110,618
19,10,6,
7
PreSwap,Craig
23
00000000000000000101,1143
00000000000000000010,1179
00000000000000000111,3597
00000000000000000000,577
00000000000000000011,576
00000000000000000001,485
00000000000000000100,242
00000000000000000110,393
PreSwap,Norm
30
00000000000000000101,934
00000000000000000010,1262
00000000000000000111,3151
00000000000000000000,580
00000000000000000011,720
00000000000000000001,607
00000000000000000100,303
00000000000000000110,635
Qiskit,Craig
29
00000000000000000101,802
00000000000000000010,361
00000000000000000111,3977
00000000000000000000,296
00000000000000000011,581
00000000000000000001,563
00000000000000000100,1080
00000000000000000110,532
Qiskit,Norm
33
00000000000000000101,551
00000000000000000010,608
00000000000000000111,3714
00000000000000000000,199
00000000000000000011,1393
00000000000000000001,1018
00000000000000000100,196
00000000000000000110,513
15,0,19,
7
PreSwap,Craig
23
00000000000000000101,268
00000000000000000010,948
00000000000000000111,3554
00000000000000000000,209
00000000000000000011,1345
00000000000000000001,278
00000000000000000100,202
00000000000000000110,1388
PreSwap,Norm
27
00000000000000000101,1459
00000000000000000010,294
00000000000000000111,3738
00000000000000000000,193
00000000000000000011,1041
00000000000000000001,937
00000000000000000100,181
00000000000000000110,349
Qiskit,Craig
38
00000000000000000101,907
00000000000000000010,661
00000000000000000111,2667
00000000000000000000,344
00000000000000000011,645
00000000000000000001,342
00000000000000000100,958
00000000000000000110,1668
Qiskit,Norm
57
00000000000000000101,637
00000000000000000010,1311
00000000000000000111,2065
00000000000000000000,760
00000000000000000011,1069
00000000000000000001,1103
00000000000000000100,407
00000000000000000110,840
5,11,2,
5
PreSwap,Craig
17
00000000000000000101,464
00000000000000000010,858
00000000000000000111,3472
00000000000000000000,284
00000000000000000011,1291
00000000000000000001,391
00000000000000000100,233
00000000000000000110,1199
PreSwap,Norm
19
00000000000000000101,1346
00000000000000000010,245
00000000000000000111,3593
00000000000000000000,177
00000000000000000011,1500
00000000000000000001,831
00000000000000000100,213
00000000000000000110,287
Qiskit,Craig
23
00000000000000000101,1333
00000000000000000010,650
00000000000000000111,2671
00000000000000000000,335
00000000000000000011,905
00000000000000000001,503
00000000000000000100,586
00000000000000000110,1209
Qiskit,Norm
27
00000000000000000101,524
00000000000000000010,693
00000000000000000111,3308
00000000000000000000,421
00000000000000000011,1878
00000000000000000001,902
00000000000000000100,120
00000000000000000110,346
10,12,17,
5
PreSwap,Craig
17
00000000000000000101,1326
00000000000000000010,330
00000000000000000111,4443
00000000000000000000,261
00000000000000000011,442
00000000000000000001,333
00000000000000000100,462
00000000000000000110,595
PreSwap,Norm
30
00000000000000000101,541
00000000000000000010,707
00000000000000000111,3489
00000000000000000000,468
00000000000000000011,823
00000000000000000001,635
00000000000000000100,359
00000000000000000110,1170
Qiskit,Craig
23
00000000000000000101,1279
00000000000000000010,401
00000000000000000111,3775
00000000000000000000,308
00000000000000000011,416
00000000000000000001,342
00000000000000000100,812
00000000000000000110,859
Qiskit,Norm
40
00000000000000000101,790
00000000000000000010,739
00000000000000000111,2431
00000000000000000000,530
00000000000000000011,1362
00000000000000000001,1225
00000000000000000100,307
00000000000000000110,808
9,17,19,
4
PreSwap,Craig
14
00000000000000000101,652
00000000000000000010,248
00000000000000000111,3629
00000000000000000000,287
00000000000000000011,1223
00000000000000000001,1317
00000000000000000100,430
00000000000000000110,406
PreSwap,Norm
13
00000000000000000101,1296
00000000000000000010,429
00000000000000000111,4022
00000000000000000000,184
00000000000000000011,910
00000000000000000001,850
00000000000000000100,131
00000000000000000110,370
Qiskit,Craig
17
00000000000000000101,1224
00000000000000000010,387
00000000000000000111,3803
00000000000000000000,268
00000000000000000011,678
00000000000000000001,519
00000000000000000100,592
00000000000000000110,721
Qiskit,Norm
15
00000000000000000101,771
00000000000000000010,453
00000000000000000111,4091
00000000000000000000,166
00000000000000000011,1159
00000000000000000001,879
00000000000000000100,139
00000000000000000110,534
1,15,11,
6
PreSwap,Craig
17
00000000000000000101,1351
00000000000000000010,222
00000000000000000111,4097
00000000000000000000,282
00000000000000000011,342
00000000000000000001,298
00000000000000000100,900
00000000000000000110,700
PreSwap,Norm
27
00000000000000000101,378
00000000000000000010,865
00000000000000000111,3761
00000000000000000000,333
00000000000000000011,718
00000000000000000001,661
00000000000000000100,255
00000000000000000110,1221
Qiskit,Craig
23
00000000000000000101,1903
00000000000000000010,228
00000000000000000111,3980
00000000000000000000,254
00000000000000000011,418
00000000000000000001,424
00000000000000000100,555
00000000000000000110,430
Qiskit,Norm
22
00000000000000000101,338
00000000000000000010,753
00000000000000000111,3869
00000000000000000000,217
00000000000000000011,1145
00000000000000000001,405
00000000000000000100,208
00000000000000000110,1257
7,6,16,
5
PreSwap,Craig
17
00000000000000000101,468
00000000000000000010,268
00000000000000000111,5153
00000000000000000000,183
00000000000000000011,974
00000000000000000001,543
00000000000000000100,189
00000000000000000110,414
PreSwap,Norm
21
00000000000000000101,612
00000000000000000010,220
00000000000000000111,5015
00000000000000000000,90
00000000000000000011,1022
00000000000000000001,671
00000000000000000100,96
00000000000000000110,466
Qiskit,Craig
38
00000000000000000101,598
00000000000000000010,727
00000000000000000111,2703
00000000000000000000,429
00000000000000000011,523
00000000000000000001,317
00000000000000000100,726
00000000000000000110,2169
Qiskit,Norm
27
00000000000000000101,438
00000000000000000010,646
00000000000000000111,3899
00000000000000000000,303
00000000000000000011,834
00000000000000000001,662
00000000000000000100,225
00000000000000000110,1185
13,8,18,
6
PreSwap,Craig
20
00000000000000000101,663
00000000000000000010,742
00000000000000000111,3179
00000000000000000000,507
00000000000000000011,601
00000000000000000001,542
00000000000000000100,565
00000000000000000110,1393
PreSwap,Norm
30
00000000000000000101,694
00000000000000000010,890
00000000000000000111,2791
00000000000000000000,657
00000000000000000011,940
00000000000000000001,1271
00000000000000000100,372
00000000000000000110,577
Qiskit,Craig
32
00000000000000000101,842
00000000000000000010,781
00000000000000000111,1074
00000000000000000000,553
00000000000000000011,667
00000000000000000001,494
00000000000000000100,1288
00000000000000000110,2493
Qiskit,Norm
18
00000000000000000101,679
00000000000000000010,957
00000000000000000111,3068
00000000000000000000,316
00000000000000000011,1241
00000000000000000001,731
00000000000000000100,289
00000000000000000110,911
1,19,8,
8
PreSwap,Craig
26
00000000000000000101,736
00000000000000000010,167
00000000000000000111,4715
00000000000000000000,198
00000000000000000011,577
00000000000000000001,604
00000000000000000100,767
00000000000000000110,428
PreSwap,Norm
25
00000000000000000101,540
00000000000000000010,839
00000000000000000111,4619
00000000000000000000,219
00000000000000000011,763
00000000000000000001,762
00000000000000000100,75
00000000000000000110,375
Qiskit,Craig
41
00000000000000000101,1264
00000000000000000010,233
00000000000000000111,3538
00000000000000000000,279
00000000000000000011,530
00000000000000000001,818
00000000000000000100,1026
00000000000000000110,504
Qiskit,Norm
30
00000000000000000101,450
00000000000000000010,1152
00000000000000000111,2742
00000000000000000000,304
00000000000000000011,1913
00000000000000000001,700
00000000000000000100,148
00000000000000000110,783
3,17,5,
8
PreSwap,Craig
26
00000000000000000101,628
00000000000000000010,205
00000000000000000111,3656
00000000000000000000,426
00000000000000000011,1162
00000000000000000001,982
00000000000000000100,895
00000000000000000110,238
PreSwap,Norm
25
00000000000000000101,1229
00000000000000000010,911
00000000000000000111,3852
00000000000000000000,466
00000000000000000011,418
00000000000000000001,869
00000000000000000100,143
00000000000000000110,304
Qiskit,Craig
41
00000000000000000101,1610
00000000000000000010,316
00000000000000000111,2630
00000000000000000000,476
00000000000000000011,590
00000000000000000001,874
00000000000000000100,1110
00000000000000000110,586
Qiskit,Norm
39
00000000000000000101,529
00000000000000000010,905
00000000000000000111,3325
00000000000000000000,243
00000000000000000011,1704
00000000000000000001,955
00000000000000000100,144
00000000000000000110,387
15,4,11,
7
PreSwap,Craig
23
00000000000000000101,376
00000000000000000010,366
00000000000000000111,4162
00000000000000000000,390
00000000000000000011,325
00000000000000000001,715
00000000000000000100,578
00000000000000000110,1280
PreSwap,Norm
24
00000000000000000101,315
00000000000000000010,538
00000000000000000111,4249
00000000000000000000,348
00000000000000000011,426
00000000000000000001,746
00000000000000000100,172
00000000000000000110,1398
Qiskit,Craig
38
00000000000000000101,1334
00000000000000000010,372
00000000000000000111,2922
00000000000000000000,518
00000000000000000011,902
00000000000000000001,1099
00000000000000000100,481
00000000000000000110,564
Qiskit,Norm
40
00000000000000000101,459
00000000000000000010,841
00000000000000000111,3314
00000000000000000000,280
00000000000000000011,1605
00000000000000000001,1022
00000000000000000100,164
00000000000000000110,507
8,10,6,
4
PreSwap,Craig
14
00000000000000000101,607
00000000000000000010,200
00000000000000000111,4983
00000000000000000000,214
00000000000000000011,511
00000000000000000001,672
00000000000000000100,583
00000000000000000110,422
PreSwap,Norm
15
00000000000000000101,635
00000000000000000010,566
00000000000000000111,4385
00000000000000000000,162
00000000000000000011,1194
00000000000000000001,696
00000000000000000100,112
00000000000000000110,442
Qiskit,Craig
23
00000000000000000101,934
00000000000000000010,486
00000000000000000111,3109
00000000000000000000,472
00000000000000000011,1328
00000000000000000001,875
00000000000000000100,588
00000000000000000110,400
Qiskit,Norm
21
00000000000000000101,499
00000000000000000010,559
00000000000000000111,4517
00000000000000000000,222
00000000000000000011,954
00000000000000000001,824
00000000000000000100,101
00000000000000000110,516
10,5,16,
3
PreSwap,Craig
11
00000000000000000101,1334
00000000000000000010,342
00000000000000000111,4185
00000000000000000000,344
00000000000000000011,564
00000000000000000001,422
00000000000000000100,404
00000000000000000110,597
PreSwap,Norm
15
00000000000000000101,563
00000000000000000010,680
00000000000000000111,4068
00000000000000000000,199
00000000000000000011,675
00000000000000000001,327
00000000000000000100,310
00000000000000000110,1370
Qiskit,Craig
14
00000000000000000101,333
00000000000000000010,885
00000000000000000111,3638
00000000000000000000,254
00000000000000000011,1340
00000000000000000001,256
00000000000000000100,417
00000000000000000110,1069
Qiskit,Norm
22
00000000000000000101,427
00000000000000000010,982
00000000000000000111,3215
00000000000000000000,626
00000000000000000011,736
00000000000000000001,587
00000000000000000100,423
00000000000000000110,1196
5,1,9,
6
PreSwap,Craig
20
00000000000000000101,360
00000000000000000010,431
00000000000000000111,5360
00000000000000000000,147
00000000000000000011,344
00000000000000000001,165
00000000000000000100,236
00000000000000000110,1149
PreSwap,Norm
30
00000000000000000101,410
00000000000000000010,477
00000000000000000111,4899
00000000000000000000,156
00000000000000000011,1092
00000000000000000001,589
00000000000000000100,80
00000000000000000110,489
Qiskit,Craig
26
00000000000000000101,563
00000000000000000010,420
00000000000000000111,4769
00000000000000000000,171
00000000000000000011,298
00000000000000000001,189
00000000000000000100,535
00000000000000000110,1247
Qiskit,Norm
28
00000000000000000101,1054
00000000000000000010,230
00000000000000000111,3788
00000000000000000000,147
00000000000000000011,1299
00000000000000000001,1215
00000000000000000100,154
00000000000000000110,305
11,15,8,
5
PreSwap,Craig
17
00000000000000000101,291
00000000000000000010,787
00000000000000000111,4034
00000000000000000000,191
00000000000000000011,1353
00000000000000000001,191
00000000000000000100,197
00000000000000000110,1148
PreSwap,Norm
21
00000000000000000101,477
00000000000000000010,388
00000000000000000111,4207
00000000000000000000,123
00000000000000000011,1862
00000000000000000001,751
00000000000000000100,53
00000000000000000110,331
Qiskit,Craig
26
00000000000000000101,380
00000000000000000010,639
00000000000000000111,4163
00000000000000000000,306
00000000000000000011,613
00000000000000000001,297
00000000000000000100,485
00000000000000000110,1309
Qiskit,Norm
22
00000000000000000101,337
00000000000000000010,713
00000000000000000111,4031
00000000000000000000,207
00000000000000000011,1857
00000000000000000001,637
00000000000000000100,83
00000000000000000110,327
9,13,2,
5
PreSwap,Craig
17
00000000000000000101,435
00000000000000000010,1138
00000000000000000111,3733
00000000000000000000,312
00000000000000000011,723
00000000000000000001,277
00000000000000000100,363
00000000000000000110,1211
PreSwap,Norm
24
00000000000000000101,634
00000000000000000010,474
00000000000000000111,3516
00000000000000000000,409
00000000000000000011,926
00000000000000000001,1502
00000000000000000100,182
00000000000000000110,549
Qiskit,Craig
23
00000000000000000101,605
00000000000000000010,1395
00000000000000000111,3142
00000000000000000000,404
00000000000000000011,690
00000000000000000001,343
00000000000000000100,515
00000000000000000110,1098
Qiskit,Norm
24
00000000000000000101,704
00000000000000000010,517
00000000000000000111,3285
00000000000000000000,397
00000000000000000011,1069
00000000000000000001,1439
00000000000000000100,204
00000000000000000110,577
4,9,1,
4
PreSwap,Craig
14
00000000000000000101,383
00000000000000000010,396
00000000000000000111,4121
00000000000000000000,263
00000000000000000011,512
00000000000000000001,303
00000000000000000100,314
00000000000000000110,1900
PreSwap,Norm
21
00000000000000000101,698
00000000000000000010,441
00000000000000000111,4309
00000000000000000000,196
00000000000000000011,1241
00000000000000000001,618
00000000000000000100,127
00000000000000000110,562
Qiskit,Craig
17
00000000000000000101,409
00000000000000000010,772
00000000000000000111,3894
00000000000000000000,255
00000000000000000011,600
00000000000000000001,267
00000000000000000100,424
00000000000000000110,1571
Qiskit,Norm
24
00000000000000000101,501
00000000000000000010,824
00000000000000000111,3490
00000000000000000000,297
00000000000000000011,1438
00000000000000000001,736
00000000000000000100,168
00000000000000000110,738
10,11,0,
3
PreSwap,Craig
11
00000000000000000101,1297
00000000000000000010,225
00000000000000000111,4422
00000000000000000000,247
00000000000000000011,428
00000000000000000001,338
00000000000000000100,466
00000000000000000110,769
PreSwap,Norm
15
00000000000000000101,1336
00000000000000000010,468
00000000000000000111,4145
00000000000000000000,184
00000000000000000011,864
00000000000000000001,460
00000000000000000100,218
00000000000000000110,517
Qiskit,Craig
11
00000000000000000101,1252
00000000000000000010,226
00000000000000000111,4501
00000000000000000000,267
00000000000000000011,421
00000000000000000001,330
00000000000000000100,440
00000000000000000110,755
Qiskit,Norm
21
00000000000000000101,1032
00000000000000000010,481
00000000000000000111,3385
00000000000000000000,642
00000000000000000011,960
00000000000000000001,716
00000000000000000100,480
00000000000000000110,496
11,10,8,
4
PreSwap,Craig
14
00000000000000000101,293
00000000000000000010,595
00000000000000000111,4205
00000000000000000000,181
00000000000000000011,1270
00000000000000000001,204
00000000000000000100,181
00000000000000000110,1263
PreSwap,Norm
16
00000000000000000101,1322
00000000000000000010,289
00000000000000000111,4503
00000000000000000000,136
00000000000000000011,846
00000000000000000001,612
00000000000000000100,136
00000000000000000110,348
Qiskit,Craig
20
00000000000000000101,470
00000000000000000010,587
00000000000000000111,3935
00000000000000000000,249
00000000000000000011,1278
00000000000000000001,253
00000000000000000100,451
00000000000000000110,969
Qiskit,Norm
28
00000000000000000101,365
00000000000000000010,1002
00000000000000000111,3754
00000000000000000000,282
00000000000000000011,1214
00000000000000000001,703
00000000000000000100,156
00000000000000000110,716
18,13,6,
6
PreSwap,Craig
20
00000000000000000101,940
00000000000000000010,494
00000000000000000111,4229
00000000000000000000,228
00000000000000000011,887
00000000000000000001,656
00000000000000000100,299
00000000000000000110,459
PreSwap,Norm
22
00000000000000000101,559
00000000000000000010,738
00000000000000000111,4019
00000000000000000000,175
00000000000000000011,1294
00000000000000000001,506
00000000000000000100,223
00000000000000000110,678
Qiskit,Craig
32
00000000000000000101,1202
00000000000000000010,699
00000000000000000111,1800
00000000000000000000,710
00000000000000000011,1380
00000000000000000001,1083
00000000000000000100,678
00000000000000000110,640
Qiskit,Norm
36
00000000000000000101,632
00000000000000000010,612
00000000000000000111,2902
00000000000000000000,170
00000000000000000011,2209
00000000000000000001,929
00000000000000000100,160
00000000000000000110,578
6,1,0,
3
PreSwap,Craig
11
00000000000000000101,494
00000000000000000010,203
00000000000000000111,5730
00000000000000000000,163
00000000000000000011,438
00000000000000000001,376
00000000000000000100,386
00000000000000000110,402
PreSwap,Norm
12
00000000000000000101,566
00000000000000000010,389
00000000000000000111,5791
00000000000000000000,107
00000000000000000011,529
00000000000000000001,456
00000000000000000100,67
00000000000000000110,287
Qiskit,Craig
11
00000000000000000101,478
00000000000000000010,195
00000000000000000111,5696
00000000000000000000,182
00000000000000000011,459
00000000000000000001,408
00000000000000000100,370
00000000000000000110,404
Qiskit,Norm
15
00000000000000000101,382
00000000000000000010,258
00000000000000000111,5712
00000000000000000000,60
00000000000000000011,646
00000000000000000001,578
00000000000000000100,65
00000000000000000110,491
3,15,7,
8
PreSwap,Craig
26
00000000000000000101,561
00000000000000000010,248
00000000000000000111,4433
00000000000000000000,321
00000000000000000011,427
00000000000000000001,1002
00000000000000000100,796
00000000000000000110,404
PreSwap,Norm
27
00000000000000000101,452
00000000000000000010,775
00000000000000000111,4423
00000000000000000000,280
00000000000000000011,600
00000000000000000001,1066
00000000000000000100,111
00000000000000000110,485
Qiskit,Craig
47
00000000000000000101,1550
00000000000000000010,385
00000000000000000111,2761
00000000000000000000,455
00000000000000000011,910
00000000000000000001,841
00000000000000000100,784
00000000000000000110,506
Qiskit,Norm
40
00000000000000000101,1060
00000000000000000010,718
00000000000000000111,2085
00000000000000000000,471
00000000000000000011,1532
00000000000000000001,1048
00000000000000000100,460
00000000000000000110,818
18,4,17,
5
PreSwap,Craig
17
00000000000000000101,787
00000000000000000010,748
00000000000000000111,3653
00000000000000000000,410
00000000000000000011,675
00000000000000000001,376
00000000000000000100,506
00000000000000000110,1037
PreSwap,Norm
25
00000000000000000101,694
00000000000000000010,762
00000000000000000111,3157
00000000000000000000,443
00000000000000000011,930
00000000000000000001,990
00000000000000000100,295
00000000000000000110,921
Qiskit,Craig
23
00000000000000000101,788
00000000000000000010,653
00000000000000000111,1363
00000000000000000000,444
00000000000000000011,627
00000000000000000001,438
00000000000000000100,1014
00000000000000000110,2865
Qiskit,Norm
24
00000000000000000101,553
00000000000000000010,1037
00000000000000000111,3326
00000000000000000000,266
00000000000000000011,1539
00000000000000000001,574
00000000000000000100,181
00000000000000000110,716
13,10,1,
6
PreSwap,Craig
20
00000000000000000101,1654
00000000000000000010,482
00000000000000000111,3600
00000000000000000000,315
00000000000000000011,716
00000000000000000001,733
00000000000000000100,347
00000000000000000110,345
PreSwap,Norm
27
00000000000000000101,382
00000000000000000010,929
00000000000000000111,3865
00000000000000000000,392
00000000000000000011,778
00000000000000000001,412
00000000000000000100,279
00000000000000000110,1155
Qiskit,Craig
35
00000000000000000101,595
00000000000000000010,632
00000000000000000111,3281
00000000000000000000,415
00000000000000000011,1872
00000000000000000001,799
00000000000000000100,218
00000000000000000110,380
Qiskit,Norm
30
00000000000000000101,679
00000000000000000010,535
00000000000000000111,4736
00000000000000000000,157
00000000000000000011,924
00000000000000000001,661
00000000000000000100,105
00000000000000000110,395
11,7,9,
4
PreSwap,Craig
14
00000000000000000101,451
00000000000000000010,311
00000000000000000111,5773
00000000000000000000,167
00000000000000000011,797
00000000000000000001,279
00000000000000000100,149
00000000000000000110,265
PreSwap,Norm
18
00000000000000000101,624
00000000000000000010,385
00000000000000000111,5308
00000000000000000000,95
00000000000000000011,890
00000000000000000001,412
00000000000000000100,78
00000000000000000110,400
Qiskit,Craig
23
00000000000000000101,336
00000000000000000010,551
00000000000000000111,3077
00000000000000000000,296
00000000000000000011,2538
00000000000000000001,705
00000000000000000100,311
00000000000000000110,378
Qiskit,Norm
27
00000000000000000101,603
00000000000000000010,419
00000000000000000111,3645
00000000000000000000,185
00000000000000000011,1547
00000000000000000001,1073
00000000000000000100,196
00000000000000000110,524
16,1,8,
10
PreSwap,Craig
29
00000000000000000101,415
00000000000000000010,343
00000000000000000111,4559
00000000000000000000,207
00000000000000000011,460
00000000000000000001,137
00000000000000000100,1013
00000000000000000110,1058
PreSwap,Norm
33
00000000000000000101,428
00000000000000000010,1138
00000000000000000111,4402
00000000000000000000,223
00000000000000000011,1058
00000000000000000001,416
00000000000000000100,64
00000000000000000110,463
Qiskit,Craig
29
00000000000000000101,350
00000000000000000010,741
00000000000000000111,4195
00000000000000000000,646
00000000000000000011,784
00000000000000000001,831
00000000000000000100,249
00000000000000000110,396
Qiskit,Norm
54
00000000000000000101,619
00000000000000000010,1397
00000000000000000111,1592
00000000000000000000,943
00000000000000000011,831
00000000000000000001,939
00000000000000000100,716
00000000000000000110,1155
2,17,9,
7
PreSwap,Craig
23
00000000000000000101,583
00000000000000000010,537
00000000000000000111,3364
00000000000000000000,426
00000000000000000011,616
00000000000000000001,706
00000000000000000100,842
00000000000000000110,1118
PreSwap,Norm
22
00000000000000000101,534
00000000000000000010,965
00000000000000000111,4121
00000000000000000000,284
00000000000000000011,748
00000000000000000001,837
00000000000000000100,166
00000000000000000110,537
Qiskit,Craig
38
00000000000000000101,1638
00000000000000000010,507
00000000000000000111,2203
00000000000000000000,429
00000000000000000011,828
00000000000000000001,894
00000000000000000100,812
00000000000000000110,881
Qiskit,Norm
37
00000000000000000101,800
00000000000000000010,546
00000000000000000111,2133
00000000000000000000,658
00000000000000000011,1022
00000000000000000001,2249
00000000000000000100,344
00000000000000000110,440
17,12,18,
5
PreSwap,Craig
17
00000000000000000101,1023
00000000000000000010,374
00000000000000000111,3360
00000000000000000000,346
00000000000000000011,862
00000000000000000001,1371
00000000000000000100,369
00000000000000000110,487
PreSwap,Norm
16
00000000000000000101,654
00000000000000000010,305
00000000000000000111,3630
00000000000000000000,373
00000000000000000011,835
00000000000000000001,1373
00000000000000000100,188
00000000000000000110,834
Qiskit,Craig
23
00000000000000000101,1313
00000000000000000010,449
00000000000000000111,2513
00000000000000000000,471
00000000000000000011,960
00000000000000000001,1214
00000000000000000100,646
00000000000000000110,626
Qiskit,Norm
27
00000000000000000101,629
00000000000000000010,660
00000000000000000111,2497
00000000000000000000,534
00000000000000000011,1269
00000000000000000001,1178
00000000000000000100,365
00000000000000000110,1060
8,6,19,
5
PreSwap,Craig
17
00000000000000000101,408
00000000000000000010,474
00000000000000000111,4022
00000000000000000000,158
00000000000000000011,522
00000000000000000001,227
00000000000000000100,372
00000000000000000110,2009
PreSwap,Norm
25
00000000000000000101,608
00000000000000000010,583
00000000000000000111,4552
00000000000000000000,201
00000000000000000011,1012
00000000000000000001,706
00000000000000000100,129
00000000000000000110,401
Qiskit,Craig
35
00000000000000000101,734
00000000000000000010,665
00000000000000000111,3154
00000000000000000000,403
00000000000000000011,711
00000000000000000001,508
00000000000000000100,552
00000000000000000110,1465
Qiskit,Norm
28
00000000000000000101,565
00000000000000000010,472
00000000000000000111,4290
00000000000000000000,232
00000000000000000011,1185
00000000000000000001,727
00000000000000000100,212
00000000000000000110,509
14,13,16,
5
PreSwap,Craig
17
00000000000000000101,489
00000000000000000010,725
00000000000000000111,2817
00000000000000000000,286
00000000000000000011,817
00000000000000000001,300
00000000000000000100,466
00000000000000000110,2292
PreSwap,Norm
21
00000000000000000101,809
00000000000000000010,579
00000000000000000111,3358
00000000000000000000,261
00000000000000000011,1354
00000000000000000001,1000
00000000000000000100,215
00000000000000000110,616
Qiskit,Craig
29
00000000000000000101,852
00000000000000000010,862
00000000000000000111,1683
00000000000000000000,573
00000000000000000011,917
00000000000000000001,542
00000000000000000100,892
00000000000000000110,1871
Qiskit,Norm
33
00000000000000000101,480
00000000000000000010,811
00000000000000000111,3961
00000000000000000000,254
00000000000000000011,1005
00000000000000000001,973
00000000000000000100,178
00000000000000000110,530
5,1,3,
4
PreSwap,Craig
14
00000000000000000101,519
00000000000000000010,256
00000000000000000111,4962
00000000000000000000,116
00000000000000000011,1495
00000000000000000001,487
00000000000000000100,106
00000000000000000110,251
PreSwap,Norm
24
00000000000000000101,758
00000000000000000010,405
00000000000000000111,3883
00000000000000000000,150
00000000000000000011,1569
00000000000000000001,891
00000000000000000100,138
00000000000000000110,398
Qiskit,Craig
14
00000000000000000101,509
00000000000000000010,242
00000000000000000111,4951
00000000000000000000,134
00000000000000000011,1464
00000000000000000001,507
00000000000000000100,107
00000000000000000110,278
Qiskit,Norm
16
00000000000000000101,1040
00000000000000000010,290
00000000000000000111,4342
00000000000000000000,114
00000000000000000011,1160
00000000000000000001,765
00000000000000000100,152
00000000000000000110,329
9,3,5,
6
PreSwap,Craig
20
00000000000000000101,451
00000000000000000010,939
00000000000000000111,4243
00000000000000000000,184
00000000000000000011,683
00000000000000000001,317
00000000000000000100,253
00000000000000000110,1122
PreSwap,Norm
24
00000000000000000101,848
00000000000000000010,455
00000000000000000111,4351
00000000000000000000,169
00000000000000000011,805
00000000000000000001,761
00000000000000000100,141
00000000000000000110,662
Qiskit,Craig
26
00000000000000000101,692
00000000000000000010,843
00000000000000000111,3935
00000000000000000000,200
00000000000000000011,795
00000000000000000001,314
00000000000000000100,467
00000000000000000110,946
Qiskit,Norm
33
00000000000000000101,854
00000000000000000010,508
00000000000000000111,3568
00000000000000000000,268
00000000000000000011,1247
00000000000000000001,1078
00000000000000000100,194
00000000000000000110,475
6,17,3,
10
PreSwap,Craig
29
00000000000000000101,452
00000000000000000010,650
00000000000000000111,4319
00000000000000000000,215
00000000000000000011,1141
00000000000000000001,890
00000000000000000100,195
00000000000000000110,330
PreSwap,Norm
34
00000000000000000101,538
00000000000000000010,813
00000000000000000111,3926
00000000000000000000,308
00000000000000000011,1087
00000000000000000001,1019
00000000000000000100,93
00000000000000000110,408
Qiskit,Craig
53
00000000000000000101,1206
00000000000000000010,572
00000000000000000111,1627
00000000000000000000,766
00000000000000000011,588
00000000000000000001,812
00000000000000000100,1179
00000000000000000110,1442
Qiskit,Norm
37
00000000000000000101,862
00000000000000000010,726
00000000000000000111,2305
00000000000000000000,220
00000000000000000011,2502
00000000000000000001,1046
00000000000000000100,196
00000000000000000110,335
15,11,3,
8
PreSwap,Craig
23
00000000000000000101,1329
00000000000000000010,189
00000000000000000111,3759
00000000000000000000,239
00000000000000000011,1271
00000000000000000001,955
00000000000000000100,186
00000000000000000110,264
PreSwap,Norm
27
00000000000000000101,710
00000000000000000010,543
00000000000000000111,3034
00000000000000000000,291
00000000000000000011,1499
00000000000000000001,700
00000000000000000100,310
00000000000000000110,1105
Qiskit,Craig
32
00000000000000000101,845
00000000000000000010,770
00000000000000000111,2220
00000000000000000000,383
00000000000000000011,816
00000000000000000001,389
00000000000000000100,872
00000000000000000110,1897
Qiskit,Norm
30
00000000000000000101,389
00000000000000000010,775
00000000000000000111,3450
00000000000000000000,300
00000000000000000011,1181
00000000000000000001,517
00000000000000000100,281
00000000000000000110,1299
5,3,9,
6
PreSwap,Craig
20
00000000000000000101,435
00000000000000000010,872
00000000000000000111,4527
00000000000000000000,265
00000000000000000011,967
00000000000000000001,354
00000000000000000100,215
00000000000000000110,557
PreSwap,Norm
27
00000000000000000101,777
00000000000000000010,802
00000000000000000111,3830
00000000000000000000,349
00000000000000000011,882
00000000000000000001,642
00000000000000000100,254
00000000000000000110,656
Qiskit,Craig
29
00000000000000000101,1388
00000000000000000010,180
00000000000000000111,4025
00000000000000000000,250
00000000000000000011,712
00000000000000000001,710
00000000000000000100,570
00000000000000000110,357
Qiskit,Norm
22
00000000000000000101,599
00000000000000000010,463
00000000000000000111,4243
00000000000000000000,223
00000000000000000011,935
00000000000000000001,1289
00000000000000000100,83
00000000000000000110,357
4,5,16,
8
PreSwap,Craig
26
00000000000000000101,298
00000000000000000010,1252
00000000000000000111,4059
00000000000000000000,188
00000000000000000011,1690
00000000000000000001,292
00000000000000000100,90
00000000000000000110,323
PreSwap,Norm
33
00000000000000000101,295
00000000000000000010,1333
00000000000000000111,3873
00000000000000000000,217
00000000000000000011,1625
00000000000000000001,360
00000000000000000100,80
00000000000000000110,409
Qiskit,Craig
47
00000000000000000101,1686
00000000000000000010,439
00000000000000000111,2325
00000000000000000000,393
00000000000000000011,807
00000000000000000001,845
00000000000000000100,806
00000000000000000110,891
Qiskit,Norm
46
00000000000000000101,890
00000000000000000010,892
00000000000000000111,2304
00000000000000000000,531
00000000000000000011,1278
00000000000000000001,1100
00000000000000000100,413
00000000000000000110,784
13,18,10,
6
PreSwap,Craig
20
00000000000000000101,555
00000000000000000010,683
00000000000000000111,2456
00000000000000000000,722
00000000000000000011,688
00000000000000000001,659
00000000000000000100,611
00000000000000000110,1818
PreSwap,Norm
30
00000000000000000101,787
00000000000000000010,848
00000000000000000111,2332
00000000000000000000,773
00000000000000000011,886
00000000000000000001,1131
00000000000000000100,662
00000000000000000110,773
Qiskit,Craig
32
00000000000000000101,878
00000000000000000010,824
00000000000000000111,1386
00000000000000000000,881
00000000000000000011,769
00000000000000000001,728
00000000000000000100,926
00000000000000000110,1800
Qiskit,Norm
36
00000000000000000101,813
00000000000000000010,1119
00000000000000000111,2431
00000000000000000000,520
00000000000000000011,1301
00000000000000000001,922
00000000000000000100,329
00000000000000000110,757
19,1,7,
8
PreSwap,Craig
26
00000000000000000101,566
00000000000000000010,246
00000000000000000111,4530
00000000000000000000,276
00000000000000000011,429
00000000000000000001,950
00000000000000000100,799
00000000000000000110,396
PreSwap,Norm
27
00000000000000000101,444
00000000000000000010,727
00000000000000000111,4731
00000000000000000000,174
00000000000000000011,741
00000000000000000001,605
00000000000000000100,134
00000000000000000110,636
Qiskit,Craig
35
00000000000000000101,1250
00000000000000000010,311
00000000000000000111,3108
00000000000000000000,346
00000000000000000011,899
00000000000000000001,1066
00000000000000000100,535
00000000000000000110,677
Qiskit,Norm
39
00000000000000000101,506
00000000000000000010,606
00000000000000000111,3834
00000000000000000000,302
00000000000000000011,878
00000000000000000001,1363
00000000000000000100,150
00000000000000000110,553
0,6,11,
5
PreSwap,Craig
14
00000000000000000101,547
00000000000000000010,269
00000000000000000111,4030
00000000000000000000,156
00000000000000000011,1860
00000000000000000001,1041
00000000000000000100,100
00000000000000000110,189
PreSwap,Norm
16
00000000000000000101,1518
00000000000000000010,236
00000000000000000111,4521
00000000000000000000,112
00000000000000000011,671
00000000000000000001,675
00000000000000000100,161
00000000000000000110,298
Qiskit,Craig
14
00000000000000000101,747
00000000000000000010,390
00000000000000000111,3511
00000000000000000000,403
00000000000000000011,389
00000000000000000001,223
00000000000000000100,1108
00000000000000000110,1421
Qiskit,Norm
18
00000000000000000101,589
00000000000000000010,310
00000000000000000111,4231
00000000000000000000,77
00000000000000000011,1820
00000000000000000001,858
00000000000000000100,52
00000000000000000110,255
6,8,15,
5
PreSwap,Craig
17
00000000000000000101,367
00000000000000000010,617
00000000000000000111,4719
00000000000000000000,227
00000000000000000011,510
00000000000000000001,183
00000000000000000100,513
00000000000000000110,1056
PreSwap,Norm
30
00000000000000000101,714
00000000000000000010,420
00000000000000000111,4374
00000000000000000000,309
00000000000000000011,983
00000000000000000001,803
00000000000000000100,205
00000000000000000110,384
Qiskit,Craig
32
00000000000000000101,621
00000000000000000010,1034
00000000000000000111,2429
00000000000000000000,563
00000000000000000011,608
00000000000000000001,336
00000000000000000100,756
00000000000000000110,1845
Qiskit,Norm
24
00000000000000000101,666
00000000000000000010,420
00000000000000000111,4371
00000000000000000000,368
00000000000000000011,927
00000000000000000001,925
00000000000000000100,166
00000000000000000110,349
3,1,2,
2
PreSwap,Craig
8
00000000000000000101,908
00000000000000000010,301
00000000000000000111,4312
00000000000000000000,259
00000000000000000011,721
00000000000000000001,954
00000000000000000100,360
00000000000000000110,377
PreSwap,Norm
9
00000000000000000101,860
00000000000000000010,367
00000000000000000111,4190
00000000000000000000,164
00000000000000000011,1158
00000000000000000001,803
00000000000000000100,174
00000000000000000110,476
Qiskit,Craig
8
00000000000000000101,879
00000000000000000010,255
00000000000000000111,4375
00000000000000000000,262
00000000000000000011,751
00000000000000000001,920
00000000000000000100,354
00000000000000000110,396
Qiskit,Norm
9
00000000000000000101,833
00000000000000000010,337
00000000000000000111,4139
00000000000000000000,155
00000000000000000011,1234
00000000000000000001,819
00000000000000000100,176
00000000000000000110,499
3,15,13,
8
PreSwap,Craig
26
00000000000000000101,1214
00000000000000000010,345
00000000000000000111,3442
00000000000000000000,293
00000000000000000011,679
00000000000000000001,970
00000000000000000100,654
00000000000000000110,595
PreSwap,Norm
27
00000000000000000101,789
00000000000000000010,715
00000000000000000111,3313
00000000000000000000,320
00000000000000000011,1416
00000000000000000001,819
00000000000000000100,210
00000000000000000110,610
Qiskit,Craig
59
00000000000000000101,1306
00000000000000000010,680
00000000000000000111,1803
00000000000000000000,535
00000000000000000011,1279
00000000000000000001,920
00000000000000000100,797
00000000000000000110,872
Qiskit,Norm
42
00000000000000000101,945
00000000000000000010,708
00000000000000000111,3030
00000000000000000000,324
00000000000000000011,1437
00000000000000000001,847
00000000000000000100,285
00000000000000000110,616
13,7,9,
4
PreSwap,Craig
14
00000000000000000101,673
00000000000000000010,564
00000000000000000111,3432
00000000000000000000,503
00000000000000000011,614
00000000000000000001,531
00000000000000000100,589
00000000000000000110,1286
PreSwap,Norm
16
00000000000000000101,504
00000000000000000010,831
00000000000000000111,3492
00000000000000000000,185
00000000000000000011,1563
00000000000000000001,490
00000000000000000100,225
00000000000000000110,902
Qiskit,Craig
17
00000000000000000101,401
00000000000000000010,522
00000000000000000111,5259
00000000000000000000,311
00000000000000000011,785
00000000000000000001,337
00000000000000000100,191
00000000000000000110,386
Qiskit,Norm
18
00000000000000000101,912
00000000000000000010,675
00000000000000000111,2628
00000000000000000000,440
00000000000000000011,1344
00000000000000000001,799
00000000000000000100,492
00000000000000000110,902
12,2,19,
8
PreSwap,Craig
23
00000000000000000101,790
00000000000000000010,730
00000000000000000111,3172
00000000000000000000,370
00000000000000000011,489
00000000000000000001,287
00000000000000000100,1029
00000000000000000110,1325
PreSwap,Norm
27
00000000000000000101,582
00000000000000000010,1357
00000000000000000111,3487
00000000000000000000,406
00000000000000000011,692
00000000000000000001,737
00000000000000000100,168
00000000000000000110,763
Qiskit,Craig
29
00000000000000000101,1168
00000000000000000010,691
00000000000000000111,2340
00000000000000000000,562
00000000000000000011,870
00000000000000000001,857
00000000000000000100,906
00000000000000000110,798
Qiskit,Norm
34
00000000000000000101,885
00000000000000000010,496
00000000000000000111,3744
00000000000000000000,208
00000000000000000011,1054
00000000000000000001,1236
00000000000000000100,182
00000000000000000110,387
13,11,2,
7
PreSwap,Craig
23
00000000000000000101,693
00000000000000000010,546
00000000000000000111,3301
00000000000000000000,451
00000000000000000011,562
00000000000000000001,518
00000000000000000100,585
00000000000000000110,1536
PreSwap,Norm
27
00000000000000000101,710
00000000000000000010,725
00000000000000000111,3000
00000000000000000000,233
00000000000000000011,1896
00000000000000000001,624
00000000000000000100,231
00000000000000000110,773
Qiskit,Craig
41
00000000000000000101,1098
00000000000000000010,865
00000000000000000111,1328
00000000000000000000,876
00000000000000000011,801
00000000000000000001,860
00000000000000000100,1012
00000000000000000110,1352
Qiskit,Norm
36
00000000000000000101,836
00000000000000000010,687
00000000000000000111,2802
00000000000000000000,465
00000000000000000011,1098
00000000000000000001,1029
00000000000000000100,400
00000000000000000110,875
14,2,12,
6
PreSwap,Craig
20
00000000000000000101,738
00000000000000000010,922
00000000000000000111,3133
00000000000000000000,492
00000000000000000011,755
00000000000000000001,565
00000000000000000100,602
00000000000000000110,985
PreSwap,Norm
25
00000000000000000101,929
00000000000000000010,653
00000000000000000111,2273
00000000000000000000,448
00000000000000000011,1600
00000000000000000001,1277
00000000000000000100,356
00000000000000000110,656
Qiskit,Craig
32
00000000000000000101,1101
00000000000000000010,852
00000000000000000111,1471
00000000000000000000,627
00000000000000000011,822
00000000000000000001,662
00000000000000000100,1072
00000000000000000110,1585
Qiskit,Norm
45
00000000000000000101,542
00000000000000000010,1088
00000000000000000111,2965
00000000000000000000,456
00000000000000000011,998
00000000000000000001,690
00000000000000000100,326
00000000000000000110,1127
18,7,8,
5
PreSwap,Craig
17
00000000000000000101,650
00000000000000000010,171
00000000000000000111,4995
00000000000000000000,160
00000000000000000011,613
00000000000000000001,420
00000000000000000100,710
00000000000000000110,473
PreSwap,Norm
16
00000000000000000101,542
00000000000000000010,753
00000000000000000111,5010
00000000000000000000,114
00000000000000000011,746
00000000000000000001,463
00000000000000000100,54
00000000000000000110,510
Qiskit,Craig
26
00000000000000000101,1022
00000000000000000010,263
00000000000000000111,4194
00000000000000000000,192
00000000000000000011,638
00000000000000000001,551
00000000000000000100,693
00000000000000000110,639
Qiskit,Norm
27
00000000000000000101,717
00000000000000000010,726
00000000000000000111,2569
00000000000000000000,216
00000000000000000011,2096
00000000000000000001,654
00000000000000000100,262
00000000000000000110,952
0,12,15,
6
PreSwap,Craig
17
00000000000000000101,1291
00000000000000000010,334
00000000000000000111,4251
00000000000000000000,259
00000000000000000011,423
00000000000000000001,352
00000000000000000100,810
00000000000000000110,472
PreSwap,Norm
27
00000000000000000101,441
00000000000000000010,1117
00000000000000000111,3272
00000000000000000000,367
00000000000000000011,917
00000000000000000001,582
00000000000000000100,239
00000000000000000110,1257
Qiskit,Craig
17
00000000000000000101,1572
00000000000000000010,219
00000000000000000111,4379
00000000000000000000,212
00000000000000000011,415
00000000000000000001,592
00000000000000000100,450
00000000000000000110,353
Qiskit,Norm
21
00000000000000000101,592
00000000000000000010,282
00000000000000000111,4049
00000000000000000000,83
00000000000000000011,2013
00000000000000000001,860
00000000000000000100,52
00000000000000000110,261
18,5,6,
6
PreSwap,Craig
20
00000000000000000101,300
00000000000000000010,1267
00000000000000000111,3818
00000000000000000000,379
00000000000000000011,667
00000000000000000001,245
00000000000000000100,326
00000000000000000110,1190
PreSwap,Norm
24
00000000000000000101,791
00000000000000000010,1130
00000000000000000111,3528
00000000000000000000,254
00000000000000000011,1333
00000000000000000001,563
00000000000000000100,164
00000000000000000110,429
Qiskit,Craig
32
00000000000000000101,1476
00000000000000000010,257
00000000000000000111,2621
00000000000000000000,427
00000000000000000011,733
00000000000000000001,1640
00000000000000000100,670
00000000000000000110,368
Qiskit,Norm
40
00000000000000000101,669
00000000000000000010,633
00000000000000000111,3723
00000000000000000000,240
00000000000000000011,1032
00000000000000000001,1167
00000000000000000100,172
00000000000000000110,556
3,15,14,
8
PreSwap,Craig
26
00000000000000000101,1028
00000000000000000010,363
00000000000000000111,3090
00000000000000000000,372
00000000000000000011,876
00000000000000000001,1361
00000000000000000100,588
00000000000000000110,514
PreSwap,Norm
25
00000000000000000101,806
00000000000000000010,541
00000000000000000111,2872
00000000000000000000,369
00000000000000000011,1356
00000000000000000001,1403
00000000000000000100,262
00000000000000000110,583
Qiskit,Craig
41
00000000000000000101,1133
00000000000000000010,531
00000000000000000111,2042
00000000000000000000,448
00000000000000000011,1461
00000000000000000001,1083
00000000000000000100,693
00000000000000000110,801
Qiskit,Norm
40
00000000000000000101,1034
00000000000000000010,549
00000000000000000111,2696
00000000000000000000,406
00000000000000000011,1286
00000000000000000001,1363
00000000000000000100,323
00000000000000000110,535
16,1,18,
7
PreSwap,Craig
23
00000000000000000101,362
00000000000000000010,1004
00000000000000000111,4820
00000000000000000000,192
00000000000000000011,505
00000000000000000001,170
00000000000000000100,222
00000000000000000110,917
PreSwap,Norm
33
00000000000000000101,432
00000000000000000010,411
00000000000000000111,4436
00000000000000000000,291
00000000000000000011,827
00000000000000000001,1175
00000000000000000100,149
00000000000000000110,471
Qiskit,Craig
32
00000000000000000101,572
00000000000000000010,1034
00000000000000000111,2266
00000000000000000000,508
00000000000000000011,1121
00000000000000000001,560
00000000000000000100,588
00000000000000000110,1543
Qiskit,Norm
48
00000000000000000101,675
00000000000000000010,1117
00000000000000000111,2438
00000000000000000000,581
00000000000000000011,1050
00000000000000000001,1189
00000000000000000100,406
00000000000000000110,736
15,3,14,
8
PreSwap,Craig
26
00000000000000000101,731
00000000000000000010,776
00000000000000000111,2990
00000000000000000000,397
00000000000000000011,771
00000000000000000001,753
00000000000000000100,955
00000000000000000110,819
PreSwap,Norm
27
00000000000000000101,630
00000000000000000010,1251
00000000000000000111,2855
00000000000000000000,424
00000000000000000011,1071
00000000000000000001,709
00000000000000000100,295
00000000000000000110,957
Qiskit,Craig
50
00000000000000000101,1213
00000000000000000010,1177
00000000000000000111,1455
00000000000000000000,957
00000000000000000011,699
00000000000000000001,633
00000000000000000100,977
00000000000000000110,1081
Qiskit,Norm
37
00000000000000000101,537
00000000000000000010,660
00000000000000000111,3375
00000000000000000000,274
00000000000000000011,1411
00000000000000000001,1280
00000000000000000100,167
00000000000000000110,488
2,5,3,
4
PreSwap,Craig
14
00000000000000000101,975
00000000000000000010,524
00000000000000000111,4131
00000000000000000000,399
00000000000000000011,707
00000000000000000001,401
00000000000000000100,439
00000000000000000110,616
PreSwap,Norm
19
00000000000000000101,531
00000000000000000010,1079
00000000000000000111,3757
00000000000000000000,370
00000000000000000011,934
00000000000000000001,688
00000000000000000100,182
00000000000000000110,651
Qiskit,Craig
20
00000000000000000101,875
00000000000000000010,549
00000000000000000111,3246
00000000000000000000,519
00000000000000000011,725
00000000000000000001,532
00000000000000000100,648
00000000000000000110,1098
Qiskit,Norm
18
00000000000000000101,707
00000000000000000010,609
00000000000000000111,3982
00000000000000000000,213
00000000000000000011,847
00000000000000000001,587
00000000000000000100,358
00000000000000000110,889
